00000000000000
00000000000001
00000000000011
00000000000100
00000000000101
00000000000110
00000000001000
00000000001001
00000000001010
00000000001011
00000000001101
00000000001110
00000000001111
00000000010000
00000000010010
00000000010011
00000000010100
00000000010101
00000000010111
00000000011000
00000000011001
00000000011010
00000000011100
00000000011101
00000000011110
00000000011111
00000000100001
00000000100010
00000000100011
00000000100100
00000000100110
00000000100111
00000000101000
00000000101001
00000000101011
00000000101100
00000000101101
00000000101110
00000000110000
00000000110001
00000000110010
00000000110011
00000000110101
00000000110110
00000000110111
00000000111000
00000000111010
00000000111011
00000000111100
00000000111101
00000000111111
00000001000000
00000001000001
00000001000010
00000001000100
00000001000101
00000001000110
00000001000111
00000001001001
00000001001010
00000001001011
00000001001101
00000001001110
00000001001111
00000001010000
00000001010010
00000001010011
00000001010100
00000001010101
00000001010111
00000001011000
00000001011001
00000001011010
00000001011100
00000001011101
00000001011110
00000001011111
00000001100001
00000001100010
00000001100011
00000001100100
00000001100110
00000001100111
00000001101000
00000001101001
00000001101011
00000001101100
00000001101101
00000001101111
00000001110000
00000001110001
00000001110010
00000001110100
00000001110101
00000001110110
00000001110111
00000001111001
00000001111010
00000001111011
00000001111100
00000001111110
00000001111111
00000010000000
00000010000001
00000010000011
00000010000100
00000010000101
00000010000110
00000010001000
00000010001001
00000010001010
00000010001100
00000010001101
00000010001110
00000010001111
00000010010001
00000010010010
00000010010011
00000010010100
00000010010110
00000010010111
00000010011000
00000010011001
00000010011011
00000010011100
00000010011101
00000010011111
00000010100000
00000010100001
00000010100010
00000010100100
00000010100101
00000010100110
00000010100111
00000010101001
00000010101010
00000010101011
00000010101101
00000010101110
00000010101111
00000010110000
00000010110010
00000010110011
00000010110100
00000010110101
00000010110111
00000010111000
00000010111001
00000010111011
00000010111100
00000010111101
00000010111110
00000011000000
00000011000001
00000011000010
00000011000011
00000011000101
00000011000110
00000011000111
00000011001001
00000011001010
00000011001011
00000011001100
00000011001110
00000011001111
00000011010000
00000011010010
00000011010011
00000011010100
00000011010101
00000011010111
00000011011000
00000011011001
00000011011010
00000011011100
00000011011101
00000011011110
00000011100000
00000011100001
00000011100010
00000011100011
00000011100101
00000011100110
00000011100111
00000011101001
00000011101010
00000011101011
00000011101100
00000011101110
00000011101111
00000011110000
00000011110010
00000011110011
00000011110100
00000011110101
00000011110111
00000011111000
00000011111001
00000011111011
00000011111100
00000011111101
00000011111111
00000100000000
00000100000001
00000100000010
00000100000100
00000100000101
00000100000110
00000100001000
00000100001001
00000100001010
00000100001011
00000100001101
00000100001110
00000100001111
00000100010001
00000100010010
00000100010011
00000100010101
00000100010110
00000100010111
00000100011000
00000100011010
00000100011011
00000100011100
00000100011110
00000100011111
00000100100000
00000100100010
00000100100011
00000100100100
00000100100101
00000100100111
00000100101000
00000100101001
00000100101011
00000100101100
00000100101101
00000100101111
00000100110000
00000100110001
00000100110011
00000100110100
00000100110101
00000100110111
00000100111000
00000100111001
00000100111010
00000100111100
00000100111101
00000100111110
00000101000000
00000101000001
00000101000010
00000101000100
00000101000101
00000101000110
00000101001000
00000101001001
00000101001010
00000101001100
00000101001101
00000101001110
00000101010000
00000101010001
00000101010010
00000101010100
00000101010101
00000101010110
00000101010111
00000101011001
00000101011010
00000101011011
00000101011101
00000101011110
00000101011111
00000101100001
00000101100010
00000101100011
00000101100101
00000101100110
00000101100111
00000101101001
00000101101010
00000101101011
00000101101101
00000101101110
00000101101111
00000101110001
00000101110010
00000101110011
00000101110101
00000101110110
00000101110111
00000101111001
00000101111010
00000101111011
00000101111101
00000101111110
00000110000000
00000110000001
00000110000010
00000110000100
00000110000101
00000110000110
00000110001000
00000110001001
00000110001010
00000110001100
00000110001101
00000110001110
00000110010000
00000110010001
00000110010010
00000110010100
00000110010101
00000110010110
00000110011000
00000110011001
00000110011011
00000110011100
00000110011101
00000110011111
00000110100000
00000110100001
00000110100011
00000110100100
00000110100101
00000110100111
00000110101000
00000110101010
00000110101011
00000110101100
00000110101110
00000110101111
00000110110000
00000110110010
00000110110011
00000110110100
00000110110110
00000110110111
00000110111001
00000110111010
00000110111011
00000110111101
00000110111110
00000110111111
00000111000001
00000111000010
00000111000100
00000111000101
00000111000110
00000111001000
00000111001001
00000111001011
00000111001100
00000111001101
00000111001111
00000111010000
00000111010001
00000111010011
00000111010100
00000111010110
00000111010111
00000111011000
00000111011010
00000111011011
00000111011101
00000111011110
00000111011111
00000111100001
00000111100010
00000111100100
00000111100101
00000111100110
00000111101000
00000111101001
00000111101011
00000111101100
00000111101101
00000111101111
00000111110000
00000111110010
00000111110011
00000111110101
00000111110110
00000111110111
00000111111001
00000111111010
00000111111100
00000111111101
00000111111110
00001000000000
00001000000001
00001000000011
00001000000100
00001000000110
00001000000111
00001000001000
00001000001010
00001000001011
00001000001101
00001000001110
00001000010000
00001000010001
00001000010010
00001000010100
00001000010101
00001000010111
00001000011000
00001000011010
00001000011011
00001000011100
00001000011110
00001000011111
00001000100001
00001000100010
00001000100100
00001000100101
00001000100111
00001000101000
00001000101001
00001000101011
00001000101100
00001000101110
00001000101111
00001000110001
00001000110010
00001000110100
00001000110101
00001000110111
00001000111000
00001000111001
00001000111011
00001000111100
00001000111110
00001000111111
00001001000001
00001001000010
00001001000100
00001001000101
00001001000111
00001001001000
00001001001010
00001001001011
00001001001101
00001001001110
00001001010000
00001001010001
00001001010011
00001001010100
00001001010101
00001001010111
00001001011000
00001001011010
00001001011011
00001001011101
00001001011110
00001001100000
00001001100001
00001001100011
00001001100100
00001001100110
00001001100111
00001001101001
00001001101010
00001001101100
00001001101101
00001001101111
00001001110000
00001001110010
00001001110011
00001001110101
00001001110110
00001001111000
00001001111010
00001001111011
00001001111101
00001001111110
00001010000000
00001010000001
00001010000011
00001010000100
00001010000110
00001010000111
00001010001001
00001010001010
00001010001100
00001010001101
00001010001111
00001010010000
00001010010010
00001010010100
00001010010101
00001010010111
00001010011000
00001010011010
00001010011011
00001010011101
00001010011110
00001010100000
00001010100001
00001010100011
00001010100101
00001010100110
00001010101000
00001010101001
00001010101011
00001010101100
00001010101110
00001010110000
00001010110001
00001010110011
00001010110100
00001010110110
00001010110111
00001010111001
00001010111011
00001010111100
00001010111110
00001010111111
00001011000001
00001011000010
00001011000100
00001011000110
00001011000111
00001011001001
00001011001010
00001011001100
00001011001110
00001011001111
00001011010001
00001011010010
00001011010100
00001011010110
00001011010111
00001011011001
00001011011011
00001011011100
00001011011110
00001011011111
00001011100001
00001011100011
00001011100100
00001011100110
00001011101000
00001011101001
00001011101011
00001011101100
00001011101110
00001011110000
00001011110001
00001011110011
00001011110101
00001011110110
00001011111000
00001011111010
00001011111011
00001011111101
00001011111111
00001100000000
00001100000010
00001100000100
00001100000101
00001100000111
00001100001001
00001100001010
00001100001100
00001100001110
00001100001111
00001100010001
00001100010011
00001100010100
00001100010110
00001100011000
00001100011001
00001100011011
00001100011101
00001100011110
00001100100000
00001100100010
00001100100100
00001100100101
00001100100111
00001100101001
00001100101010
00001100101100
00001100101110
00001100110000
00001100110001
00001100110011
00001100110101
00001100110110
00001100111000
00001100111010
00001100111100
00001100111101
00001100111111
00001101000001
00001101000011
00001101000100
00001101000110
00001101001000
00001101001010
00001101001011
00001101001101
00001101001111
00001101010001
00001101010010
00001101010100
00001101010110
00001101011000
00001101011010
00001101011011
00001101011101
00001101011111
00001101100001
00001101100010
00001101100100
00001101100110
00001101101000
00001101101010
00001101101011
00001101101101
00001101101111
00001101110001
00001101110011
00001101110101
00001101110110
00001101111000
00001101111010
00001101111100
00001101111110
00001110000000
00001110000001
00001110000011
00001110000101
00001110000111
00001110001001
00001110001011
00001110001100
00001110001110
00001110010000
00001110010010
00001110010100
00001110010110
00001110011000
00001110011010
00001110011011
00001110011101
00001110011111
00001110100001
00001110100011
00001110100101
00001110100111
00001110101001
00001110101011
00001110101100
00001110101110
00001110110000
00001110110010
00001110110100
00001110110110
00001110111000
00001110111010
00001110111100
00001110111110
00001111000000
00001111000010
00001111000100
00001111000110
00001111001000
00001111001010
00001111001011
00001111001101
00001111001111
00001111010001
00001111010011
00001111010101
00001111010111
00001111011001
00001111011011
00001111011101
00001111011111
00001111100001
00001111100011
00001111100101
00001111100111
00001111101001
00001111101011
00001111101101
00001111101111
00001111110001
00001111110100
00001111110110
00001111111000
00001111111010
00001111111100
00001111111110
00010000000000
00010000000010
00010000000100
00010000000110
00010000001000
00010000001010
00010000001100
00010000001110
00010000010001
00010000010011
00010000010101
00010000010111
00010000011001
00010000011011
00010000011101
00010000011111
00010000100001
00010000100100
00010000100110
00010000101000
00010000101010
00010000101100
00010000101110
00010000110001
00010000110011
00010000110101
00010000110111
00010000111001
00010000111011
00010000111110
00010001000000
00010001000010
00010001000100
00010001000110
00010001001001
00010001001011
00010001001101
00010001001111
00010001010010
00010001010100
00010001010110
00010001011000
00010001011011
00010001011101
00010001011111
00010001100001
00010001100100
00010001100110
00010001101000
00010001101011
00010001101101
00010001101111
00010001110010
00010001110100
00010001110110
00010001111001
00010001111011
00010001111101
00010010000000
00010010000010
00010010000100
00010010000111
00010010001001
00010010001100
00010010001110
00010010010000
00010010010011
00010010010101
00010010011000
00010010011010
00010010011100
00010010011111
00010010100001
00010010100100
00010010100110
00010010101001
00010010101011
00010010101110
00010010110000
00010010110011
00010010110101
00010010111000
00010010111010
00010010111101
00010010111111
00010011000010
00010011000100
00010011000111
00010011001001
00010011001100
00010011001111
00010011010001
00010011010100
00010011010110
00010011011001
00010011011100
00010011011110
00010011100001
00010011100011
00010011100110
00010011101001
00010011101011
00010011101110
00010011110001
00010011110011
00010011110110
00010011111001
00010011111100
00010011111110
00010100000001
00010100000100
00010100000111
00010100001001
00010100001100
00010100001111
00010100010010
00010100010100
00010100010111
00010100011010
00010100011101
00010100100000
00010100100011
00010100100101
00010100101000
00010100101011
00010100101110
00010100110001
00010100110100
00010100110111
00010100111010
00010100111101
00010101000000
00010101000011
00010101000110
00010101001001
00010101001100
00010101001111
00010101010010
00010101010101
00010101011000
00010101011011
00010101011110
00010101100001
00010101100100
00010101100111
00010101101010
00010101101101
00010101110001
00010101110100
00010101110111
00010101111010
00010101111101
00010110000001
00010110000100
00010110000111
00010110001010
00010110001110
00010110010001
00010110010100
00010110011000
00010110011011
00010110011110
00010110100010
00010110100101
00010110101000
00010110101100
00010110101111
00010110110011
00010110110110
00010110111010
00010110111101
00010111000001
00010111000100
00010111001000
00010111001011
00010111001111
00010111010011
00010111010110
00010111011010
00010111011101
00010111100001
00010111100101
00010111101001
00010111101100
00010111110000
00010111110100
00010111111000
00010111111011
00010111111111
00011000000011
00011000000111
00011000001011
00011000001111
00011000010011
00011000010111
00011000011011
00011000011111
00011000100011
00011000100111
00011000101011
00011000101111
00011000110011
00011000111000
00011000111100
00011001000000
00011001000100
00011001001001
00011001001101
00011001010001
00011001010110
00011001011010
00011001011110
00011001100011
00011001100111
00011001101100
00011001110001
00011001110101
00011001111010
00011001111110
00011010000011
00011010001000
00011010001101
00011010010001
00011010010110
00011010011011
00011010100000
00011010100101
00011010101010
00011010101111
00011010110100
00011010111001
00011010111110
00011011000100
00011011001001
00011011001110
00011011010100
00011011011001
00011011011110
00011011100100
00011011101001
00011011101111
00011011110101
00011011111010
00011100000000
00011100000110
00011100001100
00011100010010
00011100011000
00011100011110
00011100100100
00011100101010
00011100110001
00011100110111
00011100111101
00011101000100
00011101001010
00011101010001
00011101011000
00011101011111
00011101100101
00011101101100
00011101110011
00011101111011
00011110000010
00011110001001
00011110010001
00011110011000
00011110100000
00011110101000
00011110101111
00011110110111
00011111000000
00011111001000
00011111010000
00011111011001
00011111100001
00011111101010
00011111110011
00011111111100
00100000000110
00100000001111
00100000011001
00100000100010
00100000101100
00100000110111
00100001000001
00100001001100
00100001010111
00100001100010
00100001101101
00100001111001
00100010000101
00100010010001
00100010011110
00100010101010
00100010111000
00100011000101
00100011010100
00100011100010
00100011110001
00100100000001
00100100010001
00100100100001
00100100110011
00100101000101
00100101010111
00100101101011
00100101111111
00100110010101
00100110101100
00100111000100
00100111011101
00100111111000
00101000010101
00101000110100
00101001010110
00101001111011
00101010100100
00101011010010
00101100000110
00101101000010
00101110001011
00101111100110
00110001100100
00110100110000