01111111111111
01111111111111
01111111111101
01111111111011
01111111111001
01111111110101
01111111110001
01111111101100
01111111100110
01111111011111
01111111011000
01111111001111
01111111000110
01111110111101
01111110110010
01111110100111
01111110011011
01111110001110
01111110000001
01111101110011
01111101100100
01111101010100
01111101000100
01111100110010
01111100100001
01111100001110
01111011111011
01111011100111
01111011010011
01111010111110
01111010101000
01111010010001
01111001111010
01111001100011
01111001001011
01111000110010
01111000011000
01110111111110
01110111100100
01110111001001
01110110101101
01110110010001
01110101110100
01110101010111
01110100111001
01110100011011
01110011111100
01110011011101
01110010111110
01110010011110
01110001111101
01110001011100
01110000111011
01110000011010
01101111111000
01101111010101
01101110110011
01101110010000
01101101101100
01101101001001
01101100100101
01101100000001
01101011011100
01101010111000
01101010010011
01101001101110
01101001001000
01101000100011
01100111111101
01100111010111
01100110110001
01100110001010
01100101100100
01100100111101
01100100010111
01100011110000
01100011001001
01100010100010
01100001111011
01100001010011
01100000101100
01100000000101
01011111011110
01011110110110
01011110001111
01011101101000
01011101000000
01011100011001
01011011110001
01011011001010
01011010100011
01011001111100
01011001010100
01011000101101
01011000000110
01010111011111
01010110111000
01010110010001
01010101101011
01010101000100
01010100011101
01010011110111
01010011010001
01010010101010
01010010000100
01010001011110
01010000111001
01010000010011
01001111101110
01001111001000
01001110100011
01001101111110
01001101011001
01001100110101
01001100010000
01001011101100
01001011001000
01001010100100
01001010000000
01001001011101
01001000111001
01001000010110
01000111110011
01000111010001
01000110101110
01000110001100
01000101101010
01000101001000
01000100100110
01000100000101
01000011100100
01000011000011
01000010100010
01000010000010
01000001100001
01000001000001
01000000100001
01000000000010
00111111100010
00111111000011
00111110100100
00111110000101
00111101100111
00111101001001
00111100101011
00111100001101
00111011101111
00111011010010
00111010110101
00111010011000
00111001111011
00111001011111
00111001000011
00111000100111
00111000001011
00110111101111
00110111010100
00110110111001
00110110011110
00110110000100
00110101101001
00110101001111
00110100110101
00110100011011
00110100000010
00110011101001
00110011001111
00110010110111
00110010011110
00110010000101
00110001101101
00110001010101
00110000111101
00110000100110
00110000001110
00101111110111
00101111100000
00101111001001
00101110110011
00101110011100
00101110000110
00101101110000
00101101011010
00101101000101
00101100101111
00101100011010
00101100000101
00101011110000
00101011011100
00101011000111
00101010110011
00101010011111
00101010001011
00101001110111
00101001100011
00101001010000
00101000111101
00101000101010
00101000010111
00101000000100
00100111110010
00100111011111
00100111001101
00100110111011
00100110101001
00100110010111
00100110000110
00100101110100
00100101100011
00100101010010
00100101000001
00100100110000
00100100100000
00100100001111
00100011111111
00100011101111
00100011011111
00100011001111
00100010111111
00100010101111
00100010100000
00100010010000
00100010000001
00100001110010
00100001100011
00100001010100
00100001000110
00100000110111
00100000101001
00100000011011
00100000001100
00011111111110
00011111110001
00011111100011
00011111010101
00011111001000
00011110111010
00011110101101
00011110100000
00011110010011
00011110000110
00011101111001
00011101101100
00011101100000
00011101010011
00011101000111
00011100111010
00011100101110
00011100100010
00011100010110
00011100001010
00011011111111
00011011110011
00011011100111
00011011011100
00011011010001
00011011000101
00011010111010
00011010101111
00011010100100
00011010011001
00011010001111
00011010000100
00011001111001
00011001101111
00011001100100
00011001011010
00011001010000
00011001000110
00011000111100
00011000110010
00011000101000
00011000011110
00011000010100
00011000001011
00011000000001
00010111110111
00010111101110
00010111100101
00010111011100
00010111010010
00010111001001
00010111000000
00010110110111
00010110101110
00010110100110
00010110011101
00010110010100
00010110001100
00010110000011
00010101111011
00010101110010
00010101101010
00010101100010
00010101011010
00010101010001
00010101001001
00010101000001
00010100111010
00010100110010
00010100101010
00010100100010
00010100011011
00010100010011
00010100001011
00010100000100
00010011111101
00010011110101
00010011101110
00010011100111
00010011011111
00010011011000
00010011010001
00010011001010
00010011000011
00010010111100
00010010110101
00010010101111
00010010101000
00010010100001
00010010011011
00010010010100
00010010001101
00010010000111
00010010000000
00010001111010
00010001110100
00010001101101
00010001100111
00010001100001
00010001011011
00010001010101
00010001001111
00010001001001
00010001000011
00010000111101
00010000110111
00010000110001
00010000101011
00010000100110
00010000100000
00010000011010
00010000010101
00010000001111
00010000001001
00010000000100
00001111111110
00001111111001
00001111110100
00001111101110
00001111101001
00001111100100
00001111011111
00001111011001
00001111010100
00001111001111
00001111001010
00001111000101
00001111000000
00001110111011
00001110110110
00001110110001
00001110101100
00001110101000
00001110100011
00001110011110
00001110011001
00001110010101
00001110010000
00001110001011
00001110000111
00001110000010
00001101111110
00001101111001
00001101110101
00001101110000
00001101101100
00001101100111
00001101100011
00001101011111
00001101011010
00001101010110
00001101010010
00001101001110
00001101001010
00001101000110
00001101000001
00001100111101
00001100111001
00001100110101
00001100110001
00001100101101
00001100101001
00001100100101
00001100100010
00001100011110
00001100011010
00001100010110
00001100010010
00001100001110
00001100001011
00001100000111
00001100000011
00001100000000
00001011111100
00001011111000
00001011110101
00001011110001
00001011101110
00001011101010
00001011100111
00001011100011
00001011100000
00001011011100
00001011011001
00001011010110
00001011010010
00001011001111
00001011001100
00001011001000
00001011000101
00001011000010
00001010111110
00001010111011
00001010111000
00001010110101
00001010110010
00001010101111
00001010101011
00001010101000
00001010100101
00001010100010
00001010011111
00001010011100
00001010011001
00001010010110
00001010010011
00001010010000
00001010001101
00001010001010
00001010001000
00001010000101
00001010000010
00001001111111
00001001111100
00001001111001
00001001110111
00001001110100
00001001110001
00001001101110
00001001101100
00001001101001
00001001100110
00001001100100
00001001100001
00001001011110
00001001011100
00001001011001
00001001010110
00001001010100
00001001010001
00001001001111
00001001001100
00001001001010
00001001000111
00001001000101
00001001000010
00001001000000
00001000111101
00001000111011
00001000111000
00001000110110
00001000110100
00001000110001
00001000101111
00001000101101
00001000101010
00001000101000
00001000100110
00001000100011
00001000100001
00001000011111
00001000011101
00001000011010
00001000011000
00001000010110
00001000010100
00001000010010
00001000001111
00001000001101
00001000001011
00001000001001
00001000000111
00001000000101
00001000000011
00001000000000
00000111111110
00000111111100
00000111111010
00000111111000
00000111110110
00000111110100
00000111110010
00000111110000
00000111101110
00000111101100
00000111101010
00000111101000
00000111100110
00000111100100
00000111100010
00000111100001
00000111011111
00000111011101
00000111011011
00000111011001
00000111010111
00000111010101
00000111010011
00000111010010
00000111010000
00000111001110
00000111001100
00000111001010
00000111001001
00000111000111
00000111000101
00000111000011
00000111000010
00000111000000
00000110111110
00000110111100
00000110111011
00000110111001
00000110110111
00000110110110
00000110110100
00000110110010
00000110110001
00000110101111
00000110101101
00000110101100
00000110101010
00000110101000
00000110100111
00000110100101
00000110100100
00000110100010
00000110100001
00000110011111
00000110011101
00000110011100
00000110011010
00000110011001
00000110010111
00000110010110
00000110010100
00000110010011
00000110010001
00000110010000
00000110001110
00000110001101
00000110001011
00000110001010
00000110001000
00000110000111
00000110000110
00000110000100
00000110000011
00000110000001
00000110000000
00000101111110
00000101111101
00000101111100
00000101111010
00000101111001
00000101111000
00000101110110
00000101110101
00000101110100
00000101110010
00000101110001
00000101110000
00000101101110
00000101101101
00000101101100
00000101101010
00000101101001
00000101101000
00000101100110
00000101100101
00000101100100
00000101100011
00000101100001
00000101100000
00000101011111
00000101011110
00000101011100
00000101011011
00000101011010
00000101011001
00000101011000
00000101010110
00000101010101
00000101010100
00000101010011
00000101010010
00000101010000
00000101001111
00000101001110
00000101001101
00000101001100
00000101001011
00000101001001
00000101001000
00000101000111
00000101000110
00000101000101
00000101000100
00000101000011
00000101000010
00000101000000
00000100111111
00000100111110
00000100111101
00000100111100
00000100111011
00000100111010
00000100111001
00000100111000
00000100110111
00000100110110
00000100110101
00000100110100
00000100110011
00000100110010
00000100110001
00000100110000
00000100101110
00000100101101
00000100101100
00000100101011
00000100101010
00000100101001
00000100101000
00000100100111
00000100100110
00000100100101
00000100100101
00000100100100
00000100100011
00000100100010
00000100100001
00000100100000
00000100011111
00000100011110
00000100011101
00000100011100
00000100011011
00000100011010
00000100011001
00000100011000
00000100010111
00000100010110
00000100010101
00000100010101
00000100010100
00000100010011
00000100010010
00000100010001
00000100010000
00000100001111
00000100001110
00000100001101
00000100001101
00000100001100
00000100001011
00000100001010
00000100001001
00000100001000
00000100000111
00000100000111
00000100000110
00000100000101
00000100000100
00000100000011
00000100000010
00000100000010
00000100000001
00000100000000
00000011111111
00000011111110
00000011111101
00000011111101
00000011111100
00000011111011
00000011111010
00000011111001
00000011111001
00000011111000
00000011110111
00000011110110
00000011110110
00000011110101
00000011110100
00000011110011
00000011110011
00000011110010
00000011110001
00000011110000
00000011101111
00000011101111
00000011101110
00000011101101
00000011101101
00000011101100
00000011101011
00000011101010
00000011101010
00000011101001
00000011101000
00000011100111
00000011100111
00000011100110
00000011100101
00000011100101
00000011100100
00000011100011
00000011100011
00000011100010
00000011100001
00000011100000
00000011100000
00000011011111
00000011011110
00000011011110
00000011011101
00000011011100
00000011011100
00000011011011
00000011011010
00000011011010
00000011011001
00000011011000
00000011011000
00000011010111
00000011010110
00000011010110
00000011010101
00000011010100
00000011010100
00000011010011
00000011010011
00000011010010
00000011010001
00000011010001
00000011010000
00000011001111
00000011001111
00000011001110
00000011001110
00000011001101
00000011001100
00000011001100
00000011001011
00000011001011
00000011001010
00000011001001
00000011001001
00000011001000
00000011001000
00000011000111
00000011000110
00000011000110
00000011000101
00000011000101
00000011000100
00000011000011
00000011000011
00000011000010
00000011000010
00000011000001
00000011000001
00000011000000
00000010111111
00000010111111
00000010111110
00000010111110
00000010111101
00000010111101
00000010111100
00000010111100
00000010111011
00000010111011
00000010111010
00000010111001
00000010111001
00000010111000
00000010111000
00000010110111
00000010110111
00000010110110
00000010110110
00000010110101
00000010110101
00000010110100
00000010110100
00000010110011
00000010110011
00000010110010
00000010110010
00000010110001
00000010110001
00000010110000
00000010110000
00000010101111
00000010101111
00000010101110
00000010101110
00000010101101
00000010101101
00000010101100
00000010101100
00000010101011
00000010101011
00000010101010
00000010101010
00000010101001
00000010101001
00000010101000
00000010101000
00000010100111
00000010100111
00000010100110
00000010100110
00000010100101
00000010100101
00000010100100
00000010100100
00000010100011
00000010100011
00000010100011
00000010100010
00000010100010
00000010100001
00000010100001
00000010100000
00000010100000
00000010011111
00000010011111
00000010011111
00000010011110
00000010011110
00000010011101
00000010011101
00000010011100
00000010011100
00000010011011
00000010011011
00000010011011
00000010011010
00000010011010
00000010011001
00000010011001
00000010011000
00000010011000
00000010011000
00000010010111
00000010010111
00000010010110
00000010010110
00000010010110
00000010010101
00000010010101
00000010010100
00000010010100
00000010010100
00000010010011
00000010010011
00000010010010
00000010010010
00000010010001
00000010010001
00000010010001
00000010010000
00000010010000
00000010010000
00000010001111
00000010001111
00000010001110
00000010001110
00000010001110
00000010001101
00000010001101
00000010001100
00000010001100
00000010001100
00000010001011
00000010001011
00000010001011
00000010001010
00000010001010
00000010001001
00000010001001
00000010001001
00000010001000
00000010001000
00000010001000
00000010000111
00000010000111
00000010000110
00000010000110
00000010000110
00000010000101
00000010000101
00000010000101
00000010000100
00000010000100
00000010000100
00000010000011
00000010000011
00000010000011
00000010000010
00000010000010
00000010000001
00000010000001
00000010000001
00000010000000
00000010000000
00000010000000
00000001111111
00000001111111
00000001111111
00000001111110
00000001111110
00000001111110
00000001111101
00000001111101
00000001111101
00000001111100
00000001111100
00000001111100
00000001111011
00000001111011
00000001111011
00000001111010
00000001111010
00000001111010
00000001111001
00000001111001
00000001111001
00000001111000
00000001111000
00000001111000
00000001111000
00000001110111
00000001110111
00000001110111
00000001110110
00000001110110
00000001110110
00000001110101
00000001110101
00000001110101
00000001110100
00000001110100
00000001110100
00000001110011
00000001110011
00000001110011
00000001110011
00000001110010
00000001110010
00000001110010
00000001110001
00000001110001
00000001110001
00000001110000
00000001110000
00000001110000
00000001110000
00000001101111
00000001101111
00000001101111
00000001101110
00000001101110
00000001101110
00000001101110
00000001101101
00000001101101
00000001101101
00000001101100
00000001101100
00000001101100
00000001101100
00000001101011
00000001101011
00000001101011
00000001101010
00000001101010
00000001101010
00000001101010
00000001101001
00000001101001
00000001101001
00000001101001
00000001101000
00000001101000
00000001101000
00000001100111
00000001100111
00000001100111
00000001100111
00000001100110
00000001100110
00000001100110
00000001100110
00000001100101
00000001100101
00000001100101
00000001100101
00000001100100
00000001100100
00000001100100
00000001100100
00000001100011
00000001100011
00000001100011
00000001100011
00000001100010
00000001100010
00000001100010
00000001100010
00000001100001
00000001100001
00000001100001
00000001100001
00000001100000
00000001100000
00000001100000
00000001100000
00000001011111
00000001011111
00000001011111
00000001011111
00000001011110
00000001011110
00000001011110
00000001011110
00000001011101
00000001011101
00000001011101
00000001011101
00000001011100
00000001011100
00000001011100
00000001011100
00000001011011
00000001011011
00000001011011
00000001011011
00000001011011
00000001011010
00000001011010
00000001011010
00000001011010
00000001011001
00000001011001
00000001011001
00000001011001
00000001011000
00000001011000
00000001011000
00000001011000
00000001011000
00000001010111
00000001010111
00000001010111
00000001010111
00000001010110
00000001010110
00000001010110
00000001010110
00000001010110
00000001010101
00000001010101
00000001010101
00000001010101
00000001010101
00000001010100
00000001010100
00000001010100
00000001010100
00000001010011
00000001010011
00000001010011
00000001010011
00000001010011
00000001010010
00000001010010
00000001010010
00000001010010
00000001010010
00000001010001
00000001010001
00000001010001
00000001010001
00000001010001
00000001010000
00000001010000
00000001010000
00000001010000
00000001010000
00000001001111
00000001001111
00000001001111
00000001001111
00000001001111
00000001001110
00000001001110
00000001001110
00000001001110
00000001001110
00000001001101
00000001001101
00000001001101
00000001001101
00000001001101
00000001001100
00000001001100
00000001001100
00000001001100
00000001001100
00000001001011
00000001001011
00000001001011
00000001001011
00000001001011
00000001001010
00000001001010
00000001001010
00000001001010
00000001001010
00000001001010
00000001001001
00000001001001
00000001001001
00000001001001
00000001001001
00000001001000
00000001001000
00000001001000
00000001001000
00000001001000
00000001001000
00000001000111
00000001000111
00000001000111
00000001000111
00000001000111
00000001000110
00000001000110
00000001000110
00000001000110
00000001000110
00000001000110
00000001000101
00000001000101
00000001000101
00000001000101
00000001000101
00000001000101
00000001000100
00000001000100
00000001000100
00000001000100
00000001000100
00000001000100
00000001000011
00000001000011
00000001000011
00000001000011
00000001000011
00000001000010
00000001000010
00000001000010
00000001000010
00000001000010
00000001000010
00000001000001
00000001000001
00000001000001
00000001000001
00000001000001
00000001000001
00000001000001
00000001000000
00000001000000
00000001000000
00000001000000
00000001000000
00000001000000
00000000111111
00000000111111
00000000111111
00000000111111
00000000111111
00000000111111
00000000111110
00000000111110
00000000111110
00000000111110
00000000111110
00000000111110
00000000111101
00000000111101
00000000111101
00000000111101
00000000111101
00000000111101
00000000111101
00000000111100
00000000111100
00000000111100
00000000111100
00000000111100
00000000111100
00000000111011
00000000111011
00000000111011
00000000111011
00000000111011
00000000111011
00000000111011
00000000111010
00000000111010
00000000111010
00000000111010
00000000111010
00000000111010
00000000111010
00000000111001
00000000111001
00000000111001
00000000111001
00000000111001
00000000111001
00000000111001
00000000111000
00000000111000
00000000111000
00000000111000
00000000111000
00000000111000
00000000111000
00000000110111
00000000110111
00000000110111
00000000110111
00000000110111
00000000110111
00000000110111
00000000110110
00000000110110
00000000110110
00000000110110
00000000110110
00000000110110
00000000110110
00000000110101
00000000110101
00000000110101
00000000110101
00000000110101
00000000110101
00000000110101
00000000110101
00000000110100
00000000110100
00000000110100
00000000110100
00000000110100
00000000110100
00000000110100
00000000110011
00000000110011
00000000110011
00000000110011
00000000110011
00000000110011
00000000110011
00000000110011
00000000110010
00000000110010
00000000110010
00000000110010
00000000110010
00000000110010
00000000110010
00000000110010
00000000110001
00000000110001
00000000110001
00000000110001
00000000110001
00000000110001
00000000110001
00000000110001
00000000110000
00000000110000
00000000110000
00000000110000
00000000110000
00000000110000
00000000110000
00000000110000
00000000101111
00000000101111
00000000101111
00000000101111
00000000101111
00000000101111
00000000101111
00000000101111
00000000101110
00000000101110
00000000101110
00000000101110
00000000101110
00000000101110
00000000101110
00000000101110
00000000101110
00000000101101
00000000101101
00000000101101
00000000101101
00000000101101
00000000101101
00000000101101
00000000101101
00000000101100
00000000101100
00000000101100
00000000101100
00000000101100
00000000101100
00000000101100
00000000101100
00000000101100
00000000101011
00000000101011
00000000101011
00000000101011
00000000101011
00000000101011
00000000101011
00000000101011
00000000101011
00000000101010
00000000101010
00000000101010
00000000101010
00000000101010
00000000101010
00000000101010
00000000101010
00000000101010
00000000101001
00000000101001
00000000101001
00000000101001
00000000101001
00000000101001
00000000101001
00000000101001
00000000101001
00000000101000
00000000101000
00000000101000
00000000101000
00000000101000
00000000101000
00000000101000
00000000101000
00000000101000
00000000101000
00000000100111
00000000100111
00000000100111
00000000100111
00000000100111
00000000100111
00000000100111
00000000100111
00000000100111
00000000100110
00000000100110
00000000100110
00000000100110
00000000100110
00000000100110
00000000100110
00000000100110
00000000100110
00000000100110
00000000100101
00000000100101
00000000100101
00000000100101
00000000100101
00000000100101
00000000100101
00000000100101
00000000100101
00000000100101
00000000100100
00000000100100
00000000100100
00000000100100
00000000100100
00000000100100
00000000100100
00000000100100
00000000100100
00000000100100
00000000100011
00000000100011
00000000100011
00000000100011
00000000100011
00000000100011
00000000100011
00000000100011
00000000100011
00000000100011
00000000100011
00000000100010
00000000100010
00000000100010
00000000100010
00000000100010
00000000100010
00000000100010
00000000100010
00000000100010
00000000100010
00000000100010
00000000100001
00000000100001
00000000100001
00000000100001
00000000100001
00000000100001
00000000100001
00000000100001
00000000100001
00000000100001
00000000100001
00000000100000
00000000100000
00000000100000
00000000100000
00000000100000
00000000100000
00000000100000
00000000100000
00000000100000
00000000100000
00000000100000
00000000011111
00000000011111
00000000011111
00000000011111
00000000011111
00000000011111
00000000011111
00000000011111
00000000011111
00000000011111
00000000011111
00000000011110
00000000011110
00000000011110
00000000011110
00000000011110
00000000011110
00000000011110
00000000011110
00000000011110
00000000011110
00000000011110
00000000011110
00000000011101
00000000011101
00000000011101
00000000011101
00000000011101
00000000011101
00000000011101
00000000011101
00000000011101
00000000011101
00000000011101
00000000011101
00000000011100
00000000011100
00000000011100
00000000011100
00000000011100
00000000011100
00000000011100
00000000011100
00000000011100
00000000011100
00000000011100
00000000011100
00000000011100
00000000011011
00000000011011
00000000011011
00000000011011
00000000011011
00000000011011
00000000011011
00000000011011
00000000011011
00000000011011
00000000011011
00000000011011
00000000011010
00000000011010
00000000011010
00000000011010
00000000011010
00000000011010
00000000011010
00000000011010
00000000011010
00000000011010
00000000011010
00000000011010
00000000011010
00000000011001
00000000011001
00000000011001
00000000011001
00000000011001
00000000011001
00000000011001
00000000011001
00000000011001
00000000011001
00000000011001
00000000011001
00000000011001
00000000011000
00000000011000
00000000011000
00000000011000
00000000011000
00000000011000
00000000011000
00000000011000
00000000011000
00000000011000
00000000011000
00000000011000
00000000011000
00000000011000
00000000010111
00000000010111
00000000010111
00000000010111
00000000010111
00000000010111
00000000010111
00000000010111
00000000010111
00000000010111
00000000010111
00000000010111
00000000010111
00000000010111
00000000010110
00000000010110
00000000010110
00000000010110
00000000010110
00000000010110
00000000010110
00000000010110
00000000010110
00000000010110
00000000010110
00000000010110
00000000010110
00000000010110
00000000010101
00000000010101
00000000010101
00000000010101
00000000010101
00000000010101
00000000010101
00000000010101
00000000010101
00000000010101
00000000010101
00000000010101
00000000010101
00000000010101
00000000010101
00000000010100
00000000010100
00000000010100
00000000010100
00000000010100
00000000010100
00000000010100
00000000010100
00000000010100
00000000010100
00000000010100
00000000010100
00000000010100
00000000010100
00000000010100
00000000010011
00000000010011
00000000010011
00000000010011
00000000010011
00000000010011
00000000010011
00000000010011
00000000010011
00000000010011
00000000010011
00000000010011
00000000010011
00000000010011
00000000010011
00000000010011
00000000010010
00000000010010
00000000010010
00000000010010
00000000010010
00000000010010
00000000010010
00000000010010
00000000010010
00000000010010
00000000010010
00000000010010
00000000010010
00000000010010
00000000010010
00000000010010
00000000010001
00000000010001
00000000010001
00000000010001
00000000010001
00000000010001
00000000010001
00000000010001
00000000010001
00000000010001
00000000010001
00000000010001
00000000010001
00000000010001
00000000010001
00000000010001
00000000010001
00000000010000
00000000010000
00000000010000
00000000010000
00000000010000
00000000010000
00000000010000
00000000010000
00000000010000
00000000010000
00000000010000
00000000010000
00000000010000
00000000010000
00000000010000
00000000010000
00000000001111
00000000001111
00000000001111
00000000001111
00000000001111
00000000001111
00000000001111
00000000001111
00000000001111
00000000001111
00000000001111
00000000001111
00000000001111
00000000001111
00000000001111
00000000001111
00000000001111
00000000001111
00000000001110
00000000001110
00000000001110
00000000001110
00000000001110
00000000001110
00000000001110
00000000001110
00000000001110
00000000001110
00000000001110
00000000001110
00000000001110
00000000001110
00000000001110
00000000001110
00000000001110
00000000001110
00000000001101
00000000001101
00000000001101
00000000001101
00000000001101
00000000001101
00000000001101
00000000001101
00000000001101
00000000001101
00000000001101
00000000001101
00000000001101
00000000001101
00000000001101
00000000001101
00000000001101
00000000001101
00000000001101
00000000001100
00000000001100
00000000001100
00000000001100
00000000001100
00000000001100
00000000001100
00000000001100
00000000001100
00000000001100
00000000001100
00000000001100
00000000001100
00000000001100
00000000001100
00000000001100
00000000001100
00000000001100
00000000001100
00000000001100
00000000001011
00000000001011
00000000001011
00000000001011
00000000001011
00000000001011
00000000001011
00000000001011
00000000001011
00000000001011
00000000001011
00000000001011
00000000001011
00000000001011
00000000001011
00000000001011
00000000001011
00000000001011
00000000001011
00000000001011
00000000001010
00000000001010
00000000001010
00000000001010
00000000001010
00000000001010
00000000001010
00000000001010
00000000001010
00000000001010
00000000001010
00000000001010
00000000001010
00000000001010
00000000001010
00000000001010
00000000001010
00000000001010
00000000001010
00000000001010
00000000001001
00000000001001
00000000001001
00000000001001
00000000001001
00000000001001
00000000001001
00000000001001
00000000001001
00000000001001
00000000001001
00000000001001
00000000001001
00000000001001
00000000001001
00000000001001
00000000001001
00000000001001
00000000001001
00000000001001
00000000001001
00000000001001
00000000001000
00000000001000
00000000001000
00000000001000
00000000001000
00000000001000
00000000001000
00000000001000
00000000001000
00000000001000
00000000001000
00000000001000
00000000001000
00000000001000
00000000001000
00000000001000
00000000001000
00000000001000
00000000001000
00000000001000
00000000001000
00000000001000
00000000000111
00000000000111
00000000000111
00000000000111
00000000000111
00000000000111
00000000000111
00000000000111
00000000000111
00000000000111
00000000000111
00000000000111
00000000000111
00000000000111
00000000000111
00000000000111
00000000000111
00000000000111
00000000000111
00000000000111
00000000000111
00000000000111
00000000000111
00000000000110
00000000000110
00000000000110
00000000000110
00000000000110
00000000000110
00000000000110
00000000000110
00000000000110
00000000000110
00000000000110
00000000000110
00000000000110
00000000000110
00000000000110
00000000000110
00000000000110
00000000000110
00000000000110
00000000000110
00000000000110
00000000000110
00000000000110
00000000000110
00000000000101
00000000000101
00000000000101
00000000000101
00000000000101
00000000000101
00000000000101
00000000000101
00000000000101
00000000000101
00000000000101
00000000000101
00000000000101
00000000000101
00000000000101
00000000000101
00000000000101
00000000000101
00000000000101
00000000000101
00000000000101
00000000000101
00000000000101
00000000000101
00000000000101
00000000000100
00000000000100
00000000000100
00000000000100
00000000000100
00000000000100
00000000000100
00000000000100
00000000000100
00000000000100
00000000000100
00000000000100
00000000000100
00000000000100
00000000000100
00000000000100
00000000000100
00000000000100
00000000000100
00000000000100
00000000000100
00000000000100
00000000000100
00000000000100
00000000000100
00000000000100
00000000000100
00000000000011
00000000000011
00000000000011
00000000000011
00000000000011
00000000000011
00000000000011
00000000000011
00000000000011
00000000000011
00000000000011
00000000000011
00000000000011
00000000000011
00000000000011
00000000000011
00000000000011
00000000000011
00000000000011
00000000000011
00000000000011
00000000000011
00000000000011
00000000000011
00000000000011
00000000000011
00000000000011
00000000000010
00000000000010
00000000000010
00000000000010
00000000000010
00000000000010
00000000000010
00000000000010
00000000000010
00000000000010
00000000000010
00000000000010
00000000000010
00000000000010
00000000000010
00000000000010
00000000000010
00000000000010
00000000000010
00000000000010
00000000000010
00000000000010
00000000000010
00000000000010
00000000000010
00000000000010
00000000000010
00000000000001
00000000000001
00000000000001
00000000000001
00000000000001
00000000000001
00000000000001
00000000000001
00000000000001
00000000000001
00000000000001
00000000000001
00000000000001
00000000000001
00000000000001
00000000000001
00000000000001
00000000000001
00000000000001
00000000000001
00000000000001
00000000000001
00000000000001
00000000000001
00000000000001
00000000000001
00000000000001
00000000000001
00000000000001
00000000000001
00000000000001
00000000000001
00000000000001
00000000000001
00000000000001
00000000000001
00000000000001
00000000000001
00000000000001
00000000000000
00000000000000
00000000000000
00000000000000